0 0.038750 0.452157 0.065000 0.090057
0 0.052812 0.721388 0.073125 0.078799
0 0.095938 0.525328 0.115625 0.163227
0 0.209062 0.400563 0.070625 0.063790
0 0.247188 0.704972 0.064375 0.045966
0 0.342500 0.617730 0.052500 0.040338
0 0.468125 0.603190 0.116250 0.099437
0 0.527188 0.516885 0.080625 0.073171
0 0.559063 0.391652 0.124375 0.141651
0 0.605312 0.538461 0.073125 0.075047
0 0.701250 0.369606 0.062500 0.060038
0 0.782812 0.352720 0.071875 0.076923
0 0.865312 0.219512 0.114375 0.097561
0 0.850625 0.314258 0.051250 0.076923
0 0.889687 0.300187 0.068125 0.071295