0 0.090938 0.080537 0.071875 0.154362
0 0.210313 0.164430 0.053125 0.143177
0 0.234687 0.381991 0.078125 0.115212
0 0.301562 0.321588 0.090625 0.121924
0 0.347500 0.817673 0.062500 0.078299
0 0.373750 0.613535 0.102500 0.133109
0 0.384687 0.753915 0.075625 0.078300
0 0.387188 0.319351 0.075625 0.130872
0 0.475938 0.085011 0.080625 0.076063
0 0.470000 0.724832 0.066250 0.111857
0 0.476562 0.437360 0.069375 0.109620
0 0.485938 0.546979 0.088125 0.096197
0 0.493750 0.667786 0.062500 0.116331
0 0.502500 0.781879 0.057500 0.089486
0 0.550625 0.827740 0.056250 0.089485
0 0.573750 0.583892 0.090000 0.105145
0 0.581562 0.384228 0.059375 0.119687
0 0.620625 0.800895 0.042500 0.098434
0 0.683437 0.447427 0.080625 0.149888
0 0.722187 0.778523 0.079375 0.100671
0 0.726250 0.569351 0.051250 0.102908
0 0.760000 0.950783 0.098750 0.096196
0 0.791562 0.861298 0.086875 0.091723
0 0.802500 0.683445 0.083750 0.102908
0 0.828125 0.796979 0.067500 0.119687
0 0.837812 0.442953 0.066875 0.111856
0 0.850625 0.567114 0.087500 0.102908
0 0.909375 0.315436 0.097500 0.118568