0 0.142500 0.744583 0.285000 0.497500
0 0.174687 0.317500 0.130625 0.091666
0 0.272813 0.407917 0.120625 0.165833
0 0.383750 0.783334 0.163750 0.196667
0 0.352812 0.365833 0.065625 0.150000
0 0.384687 0.599166 0.095625 0.158333
0 0.421563 0.394167 0.094375 0.145000
0 0.442812 0.787500 0.093125 0.150000
0 0.496875 0.661250 0.087500 0.199166
0 0.525312 0.418334 0.129375 0.141667
0 0.633750 0.437500 0.108750 0.148334
0 0.740938 0.428750 0.134375 0.127500
0 0.759062 0.755000 0.085625 0.173334
0 0.813438 0.715417 0.064375 0.119167
0 0.840000 0.714584 0.071250 0.159167
0 0.846875 0.344583 0.075000 0.185833
0 0.933438 0.617084 0.129375 0.180833
0 0.972813 0.494167 0.053125 0.116667