0 0.055313 0.513750 0.056875 0.080834
0 0.066250 0.373750 0.078750 0.072500
0 0.079063 0.590417 0.084375 0.082500
0 0.080937 0.444167 0.088125 0.083333
0 0.182812 0.594583 0.100625 0.125833
0 0.194688 0.367500 0.056875 0.040000
0 0.258437 0.439167 0.089375 0.096667
0 0.287812 0.512083 0.088125 0.084167
0 0.277813 0.356666 0.065625 0.058333
0 0.322500 0.395000 0.043750 0.053334
0 0.340000 0.456250 0.055000 0.034166
0 0.358750 0.576667 0.080000 0.065000
0 0.376250 0.520833 0.068750 0.070000
0 0.401250 0.408750 0.085000 0.067500
0 0.466562 0.386667 0.081875 0.066667
0 0.478750 0.545833 0.067500 0.086667
0 0.528438 0.320000 0.050625 0.058334
0 0.599687 0.313333 0.050625 0.041667
0 0.624062 0.435000 0.086875 0.060000
0 0.629375 0.491250 0.076250 0.074166
0 0.670000 0.320000 0.056250 0.045000
0 0.704375 0.500417 0.045000 0.077500
0 0.716562 0.296250 0.033125 0.040834
0 0.771875 0.626250 0.085000 0.080834
0 0.796563 0.525833 0.049375 0.095000
0 0.857813 0.452083 0.063125 0.070833
0 0.866250 0.530417 0.077500 0.072500
0 0.929688 0.566666 0.059375 0.058333
0 0.975625 0.556250 0.037500 0.079166