0 0.044375 0.791667 0.088750 0.116667
0 0.053125 0.177500 0.053750 0.068334
0 0.067500 0.333334 0.047500 0.106667
0 0.115000 0.550833 0.067500 0.118333
0 0.155000 0.160000 0.067500 0.110000
0 0.183750 0.780833 0.125000 0.111667
0 0.301875 0.063334 0.066250 0.103333
0 0.319375 0.451667 0.071250 0.080000
0 0.371250 0.325833 0.057500 0.101667
0 0.442500 0.445000 0.085000 0.083334
0 0.554375 0.675833 0.066250 0.081667
0 0.588750 0.202500 0.055000 0.095000
0 0.653750 0.095000 0.070000 0.083334
0 0.659375 0.681667 0.078750 0.080000
0 0.734375 0.330834 0.056250 0.081667
0 0.747500 0.561667 0.072500 0.090000
0 0.807500 0.386667 0.087500 0.086667
0 0.829375 0.495833 0.088750 0.065000
0 0.918125 0.391667 0.043750 0.100000