0 0.022187 0.919324 0.044375 0.093809
0 0.040938 0.799249 0.081875 0.091933
0 0.030000 0.472326 0.047500 0.064728
0 0.026562 0.569419 0.033125 0.060037
0 0.028438 0.533771 0.034375 0.046904
0 0.125312 0.908068 0.056875 0.060037
0 0.230625 0.798312 0.095000 0.067543
0 0.218750 0.299250 0.061250 0.076923
0 0.349375 0.903846 0.095000 0.102252
0 0.405938 0.549249 0.120625 0.126641
0 0.409062 0.356473 0.065625 0.071294
0 0.425312 0.636022 0.081875 0.073171
0 0.435937 0.748592 0.085625 0.075047
0 0.453437 0.672139 0.066875 0.060976
0 0.479063 0.489212 0.094375 0.115384
0 0.523125 0.571295 0.065000 0.144465
0 0.545625 0.519700 0.058750 0.082552
0 0.614688 0.567543 0.074375 0.093809
0 0.655000 0.280019 0.047500 0.053471
0 0.693438 0.452157 0.078125 0.105065
0 0.773125 0.315197 0.091250 0.082552
0 0.801875 0.190432 0.043750 0.060037
0 0.842812 0.187617 0.040625 0.054409
0 0.868437 0.561913 0.056875 0.060037
0 0.961875 0.512664 0.046250 0.111632
0 0.977500 0.291745 0.043750 0.065666