0 0.039375 0.415953 0.046250 0.056745
0 0.041250 0.468415 0.050000 0.069593
0 0.078125 0.837259 0.056250 0.062098
0 0.104375 0.560493 0.050000 0.048179
0 0.121875 0.122591 0.050000 0.046038
0 0.205625 0.782655 0.060000 0.079229
0 0.232187 0.242505 0.029375 0.065311
0 0.285000 0.123662 0.062500 0.039615
0 0.280312 0.256959 0.035625 0.077088
0 0.360625 0.672912 0.047500 0.048180
0 0.403750 0.670235 0.050000 0.062099
0 0.471562 0.763383 0.058125 0.053533
0 0.473125 0.374733 0.037500 0.098501
0 0.604688 0.123662 0.038125 0.061028
0 0.660313 0.247858 0.029375 0.063169
0 0.840938 0.361884 0.053125 0.055675
0 0.865938 0.678265 0.040625 0.063169
0 0.885000 0.620985 0.056250 0.051392
0 0.888750 0.793362 0.051250 0.079229
0 0.882812 0.354390 0.028125 0.070664
0 0.895625 0.847430 0.051250 0.041756
0 0.903750 0.904176 0.037500 0.050321
0 0.911875 0.179336 0.053750 0.046038
0 0.916562 0.353319 0.039375 0.064240
0 0.941562 0.836189 0.059375 0.059957
0 0.946875 0.124732 0.056250 0.071735
0 0.944688 0.577088 0.044375 0.068522
0 0.956875 0.528908 0.046250 0.064240
0 0.954375 0.175589 0.038750 0.068522