0 0.193125 0.595216 0.038750 0.053471
0 0.213750 0.319418 0.031250 0.036585
0 0.261875 0.776266 0.040000 0.049719
0 0.313750 0.466698 0.061250 0.057224
0 0.401562 0.533772 0.026875 0.054409
0 0.438750 0.546436 0.047500 0.051595
0 0.465313 0.348499 0.031875 0.044090
0 0.473750 0.482177 0.036250 0.076923
0 0.482187 0.434803 0.034375 0.044090
0 0.484062 0.556755 0.035625 0.053471
0 0.578750 0.819418 0.043750 0.062852
0 0.658438 0.444184 0.025625 0.047842
0 0.744375 0.877111 0.046250 0.067542
0 0.762188 0.126173 0.038125 0.064728
0 0.814063 0.112570 0.039375 0.050657
0 0.875938 0.701219 0.030625 0.049719
0 0.878125 0.738743 0.035000 0.044090
0 0.879375 0.307223 0.035000 0.045966
0 0.914062 0.775328 0.036875 0.044090
0 0.960000 0.632270 0.045000 0.073171